<?xml version="1.0"?>
<opencv_storage>
<image_width>1280</image_width>
<image_height>960</image_height>
<camera_matrix type_id="opencv-matrix">
  <rows>3</rows>
  <cols>3</cols>
  <dt>d</dt>
  <data>
    2.2317190604359616e+03 0. 6.2938936745727392e+02 0.
    2.2185260260104174e+03 5.1250813341960895e+02 0. 0. 1.</data></camera_matrix>
<distortion_coefficients type_id="opencv-matrix">
  <rows>1</rows>
  <cols>5</cols>
  <dt>d</dt>
  <data>
    5.5011124053307670e-01 -1.5845713180495840e+01
    -1.2979020620699298e-02 -3.4149930408091580e-03
    1.5482428852120876e+02</data></distortion_coefficients>
</opencv_storage>
